17780

1139

14664

2655

4 5 11 15 16 17 19 20 23 32 34 35 36 37 38 44 45 47 48 49 51 54 60 61 62 63 64 65 66 67 68 70 71 75 80 86 88 91 93 96 98 103 107 108 110 113 114 116 118 122 123 124 125 126 128 130 131 134 135 136 139 140 143 145 158 159 161 164 165 166 168 170 173 174 181 187 188 189 191 193 194 196 197

17

0 183 89 94 147 6 117 92 112 97 95 156 151 
0 162 127 27 69 52 132 1 146 101 190 7 167 31 176 46 
0 53 109 26 149 195 76 28 12 154 138 105 78 55 
0 73 40 72 180 21 22 133 58 171 74 152 24 
0 121 111 185 33 169 102 79 81 157 129 29 163 50 90 
0 142 13 144 115 42 2 87 57 178 172 14 119 137 192 
0 
0 
0 
0 
0 
0 
0 
0 
0 
0 
0 
