8002

639

4890

2655

4 5 11 15 16 17 19 20 23 32 34 35 36 37 38 44 45 47 48 49 51 54 60 61 62 63 64 65 66 67 68 70 71 75 80 86 88 91 93 96 98 103 107 108 110 113 114 116 118 122 123 124 125 126 128 130 131 134 135 136 139 140 143 145 158 159 161 164 165 166 168 170 173 174 181 187 188 189 191 193 194 196 197

17

0 112 156 89 147 6 183 94 95 97 117 92 151 
0 27 146 167 69 132 176 1 101 162 31 190 127 52 7 46 
0 53 105 26 149 195 109 12 138 154 28 76 78 55 
0 58 152 40 180 21 73 72 74 171 22 133 24 
0 111 50 102 157 33 81 185 79 129 169 121 29 163 90 
0 13 137 2 178 115 57 144 87 172 42 142 14 119 192 
0 
0 
0 
0 
0 
0 
0 
0 
0 
0 
0 
