5221

204

1630

3516

4 5 7 11 12 13 14 15 16 17 19 20 22 23 24 32 33 34 35 36 37 38 40 42 44 45 46 47 48 49 50 51 53 54 55 60 61 62 63 64 65 66 67 68 70 71 72 74 75 76 79 80 81 86 88 90 91 93 96 98 102 103 107 108 109 110 111 113 114 116 118 122 123 124 125 126 128 129 130 131 133 134 135 136 138 139 140 142 143 144 145 149 158 159 161 163 164 165 166 168 169 170 171 172 173 174 178 180 181 187 188 189 191 192 193 194 195 196 197

17

0 183 89 94 147 6 117 92 112 97 95 156 151 
0 146 132 27 1 69 167 176 101 
0 
0 
0 
0 
0 
0 
0 
0 
0 
0 
0 
0 
0 
0 
0 
