27291

1653

24440

2190

4 5 11 15 16 19 20 23 32 34 35 36 38 44 45 47 48 49 51 63 64 65 66 67 70 71 75 86 88 103 107 108 110 113 114 122 123 124 125 126 128 130 131 134 135 136 139 140 143 145 161 164 168 170 174 181 187 188 191 197

17

0 183 89 94 147 6 117 92 112 97 95 156 151 
0 162 127 27 69 52 132 1 146 101 190 7 167 31 176 46 
0 53 109 26 149 195 76 28 12 154 138 105 78 55 
0 73 40 72 180 21 22 133 58 171 74 152 24 
0 121 111 185 33 169 102 79 81 157 129 29 163 50 90 
0 178 42 119 144 91 172 192 137 13 14 115 57 142 2 87 17 
0 62 106 18 148 194 182 159 10 153 166 189 
0 96 85 104 59 93 61 98 193 37 100 99 173 84 
0 158 196 68 77 3 177 54 184 150 80 116 165 
0 60 118 
0 
0 
0 
0 
0 
0 
0 
