30366

1307

26884

2175

4 11 15 16 19 20 23 32 34 35 36 38 44 45 47 48 49 51 63 64 65 66 67 70 71 75 86 88 103 107 108 110 113 114 122 123 124 125 126 128 130 131 134 135 136 139 140 143 145 161 164 168 170 174 181 187 188 191 197

17

0 156 112 89 147 6 183 94 95 97 117 92 151 
0 27 146 167 69 132 176 1 101 162 31 190 127 52 7 46 
0 53 105 26 149 195 109 12 138 154 28 76 78 55 
0 58 152 40 180 21 73 72 74 171 22 133 24 
0 111 50 102 157 33 81 185 79 129 169 121 29 163 90 
0 13 137 2 178 115 57 144 87 172 42 142 14 119 192 91 17 
0 166 18 153 106 194 182 148 62 159 10 189 
0 96 99 104 59 93 85 193 100 37 98 61 173 84 
0 184 116 196 77 3 158 68 80 150 177 54 165 
0 60 118 5 83 199 8 82 175 30 160 9 25 56 
0 179 155 198 186 39 41 43 141 120 
0 
0 
0 
0 
0 
0 
