1127

1127

5705

3516

4 5 7 11 12 13 14 15 16 17 19 20 22 23 24 32 33 34 35 36 37 38 40 42 44 45 46 47 48 49 50 51 53 54 55 60 61 62 63 64 65 66 67 68 70 71 72 74 75 76 79 80 81 86 88 90 91 93 96 98 102 103 107 108 109 110 111 113 114 116 118 122 123 124 125 126 128 129 130 131 133 134 135 136 138 139 140 142 143 144 145 149 158 159 161 163 164 165 166 168 169 170 171 172 173 174 178 180 181 187 188 189 191 192 193 194 195 196 197

17

0 18 153 106 82 28 154 26 105 58 152 137 151 
0 2 115 57 8 83 84 85 100 59 104 119 43 198 199 
0 179 184 77 3 185 157 120 9 30 160 10 21 78 
0 73 155 56 186 39 25 177 150 121 29 182 92 117 41 
0 146 27 156 112 89 147 6 183 94 95 148 
0 97 167 69 132 176 1 101 162 31 190 127 52 87 175 
0 99 141 
0 
0 
0 
0 
0 
0 
0 
0 
0 
0 
