2252

2252

26884

2175

4 11 15 16 19 20 23 32 34 35 36 38 44 45 47 48 49 51 63 64 65 66 67 70 71 75 86 88 103 107 108 110 113 114 122 123 124 125 126 128 130 131 134 135 136 139 140 143 145 161 164 168 170 174 181 187 188 191 197

17

0 7 53 105 26 149 195 109 73 72 12 138 151 
0 154 28 76 78 58 152 40 180 21 74 171 22 133 111 46 
0 50 102 157 33 2 178 142 14 81 185 79 129 55 
0 169 121 29 163 13 137 119 192 91 166 18 24 
0 153 106 194 30 95 69 160 182 148 62 159 10 96 90 
0 99 104 59 93 85 158 175 9 68 193 100 37 98 61 173 17 
0 184 116 196 77 3 80 150 177 54 60 189 
0 118 5 83 199 8 82 25 179 155 198 186 39 84 
0 41 43 141 92 117 97 167 146 27 156 112 165 
0 89 147 6 183 94 144 57 115 162 101 1 176 56 
0 52 127 190 31 42 172 87 132 120 
0 
0 
0 
0 
0 
0 
