1801

1801

7335

2616

4 5 11 15 16 17 19 20 23 32 34 35 36 37 38 44 45 47 48 49 51 54 60 61 62 63 64 65 66 67 68 70 71 75 80 86 88 93 96 98 103 107 108 110 113 114 116 118 122 123 124 125 126 128 130 131 134 135 136 139 140 143 145 158 159 161 164 165 166 168 170 173 174 181 187 188 189 191 193 194 196 197

17

0 7 53 105 26 149 195 109 12 28 76 78 151 
0 58 152 40 180 21 73 72 74 171 111 50 102 157 33 46 
0 81 185 79 129 169 121 29 56 186 163 13 137 55 
0 2 178 115 57 144 87 172 42 84 198 39 24 
0 85 142 14 119 192 18 153 106 82 8 199 83 100 90 
0 59 99 104 184 77 3 150 177 179 155 25 148 182 10 91 
0 30 160 9 120 175 92 117 97 167 146 27 156 112 43 
0 89 147 6 183 94 95 22 138 162 101 1 176 41 
0 52 127 190 31 154 133 69 132 141 
0 
0 
0 
0 
0 
0 
0 
0 
